142559917
6957357.0000
  26272.0000
142666495
6957292.0000
  26246.0000
142773050
6957210.0000
  26228.0000
142879602
6957110.0000
  26209.0000
142986204
6956997.0000
  26182.0000
143092652
6956864.0000
  26167.0000
143199189
6956724.0000
  26149.0000
143305729
6956567.0000
  26122.0000
143412402
6956393.0000
  26109.0000
143518804
6956205.0000
  26090.0000
143625378
6956007.0000
  26062.0000
143732001
6955788.0000
  26054.0000
143838583
6955555.0000
  26028.0000
143945320
6955304.0000
  26008.0000
144051956
6955042.0000
  25995.0000
144158685
6954767.0000
  25968.0000
144265104
6954469.0000
  25961.0000
144371722
6954166.0000
  25936.0000
144478283
6953837.0000
  25925.0000
144584884
6953509.0000
  25907.0000
144691331
6953149.0000
  25889.0000
144797828
6952789.0000
  25877.0000
144904433
6952401.0000
  25856.0000
145010934
6952011.0000
  25845.0000
145117746
6951589.0000
  25822.0000
145224195
6951169.0000
  25813.0000
145330968
6950714.0000
  25789.0000
145437536
6950262.0000
  25780.0000
145544322
6949782.0000
  25762.0000
145650946
6949303.0000
  25748.0000
145757608
6948796.0000
  25740.0000
145864395
6948286.0000
  25716.0000
145970926
6947750.0000
  25710.0000
146078960
6947203.0000
  25684.0000
146185436
6946638.0000
  25681.0000
146292265
6946070.0000
  25668.0000
146398855
6945472.0000
  25652.0000
146505671
6944870.0000
  25648.0000
146612617
6944248.0000
  25625.0000
146719120
6943620.0000
  25619.0000
146826057
6942962.0000
  25613.0000
146932548
6942297.0000
  25588.0000
147039419
6941612.0000
  25584.0000
147145799
6940918.0000
  25577.0000
147252673
6940203.0000
  25552.0000
147359226
6939476.0000
  25547.0000
147465897
6938754.0000
  25541.0000
147572337
6938008.0000
  25516.0000
147678969
6937262.0000
  25512.0000
147785651
6936544.0000
  25508.0000
147892233
6935842.0000
  25483.0000
147998993
6935144.0000
  25476.0000
148105577
6934435.0000
  25472.0000
148212298
6933706.0000
  25465.0000
148318912
6932983.0000
  25443.0000
148425672
6932268.0000
  25440.0000
148532216
6931566.0000
  25435.0000
148638934
6930868.0000
  25430.0000
148745604
6930171.0000
  25409.0000
148852148
6929463.0000
  25405.0000
148958835
6928755.0000
  25401.0000
149065499
6928055.0000
  25396.0000
149172283
6927353.0000
  25375.0000
149278816
6926660.0000
  25371.0000
149385447
6925964.0000
  25367.0000
149492234
6925268.0000
  25363.0000
149598735
6924579.0000
  25354.0000
149705375
6923883.0000
  25336.0000
149811918
6923199.0000
  25332.0000
149918465
6922505.0000
  25328.0000
150024977
6921818.0000
  25324.0000
150131617
6921124.0000
  25310.0000
150238478
6920445.0000
  25296.0000
150345149
6919750.0000
  25292.0000
150452083
6919042.0000
  25288.0000
150558698
6918333.0000
  25283.0000
150665371
6917654.0000
  25279.0000
150771854
6916978.0000
  25255.0000
150878517
6916321.0000
  25252.0000
150985089
6915641.0000
  25249.0000
151093122
6914953.0000
  25245.0000
151199774
6914270.0000
  25241.0000
151306432
6913581.0000
  25238.0000
151413038
6912877.0000
  25223.0000
151519568
6912191.0000
  25211.0000
151626165
6911517.0000
  25208.0000
151732627
6910864.0000
  25206.0000
151839272
6910223.0000
  25202.0000
151945850
6909541.0000
  25200.0000
152052403
6908877.0000
  25196.0000
152158951
6908196.0000
  25191.0000
152265527
6907539.0000
  25170.0000
152372211
6906887.0000
  25168.0000
152478688
6906232.0000
  25166.0000
152585529
6905581.0000
  25163.0000
152692051
6904917.0000
  25161.0000
152798841
6904265.0000
  25158.0000
152905588
6903610.0000
  25156.0000
153012164
6902963.0000
  25153.0000
153119086
6902311.0000
  25137.0000
153225645
6901657.0000
  25130.0000
153332347
6900981.0000
  25128.0000
153438807
6900322.0000
  25126.0000
153545520
6899684.0000
  25124.0000
153652147
6899059.0000
  25122.0000
153758925
6898444.0000
  25119.0000
153865495
6897807.0000
  25117.0000
153972155
6897157.0000
  25114.0000
154079034
6896499.0000
  25105.0000
154185506
6895857.0000
  25089.0000
154292314
6895228.0000
  25086.0000
154398943
6894620.0000
  25085.0000
154505594
6894019.0000
  25083.0000
154612054
6893410.0000
  25081.0000
154718691
6892787.0000
  25079.0000
154825265
6892142.0000
  25077.0000
154931921
6891498.0000
  25074.0000
155038547
6890870.0000
  25072.0000
155145051
6890258.0000
  25071.0000
155251629
6889661.0000
  25069.0000
155358155
6889047.0000
  25067.0000
155464776
6888429.0000
  25045.0000
155571395
6887796.0000
  25041.0000
155678007
6887178.0000
  25040.0000
155784539
6886572.0000
  25038.0000
155891135
6885970.0000
  25036.0000
155997739
6885366.0000
  25034.0000
156105060
6884749.0000
  25033.0000
156211531
6884138.0000
  25030.0000
156318008
6883538.0000
  25029.0000
156424637
6882945.0000
  25027.0000
156531189
6882341.0000
  25025.0000
156637870
6881742.0000
  25022.0000
156744453
6881137.0000
  25020.0000
156851026
6880550.0000
  25018.0000
156957658
6879955.0000
  24993.0000
157064188
6879363.0000
  24991.0000
157170760
6878768.0000
  24990.0000
157277353
6878188.0000
  24989.0000
157384020
6877595.0000
  24988.0000
157490529
6877009.0000
  24986.0000
157597198
6876417.0000
  24985.0000
157703754
6875836.0000
  24984.0000
157810329
6875249.0000
  24983.0000
157916903
6874675.0000
  24981.0000
158023380
6874087.0000
  24980.0000
158129938
6873510.0000
  24979.0000
158236490
6872933.0000
  24977.0000
158343097
6872358.0000
  24976.0000
158449612
6871774.0000
  24975.0000
158556281
6871201.0000
  24973.0000
158662729
6870631.0000
  24972.0000
158769335
6870060.0000
  24971.0000
158875932
6869484.0000
  24969.0000
158982487
6868917.0000
  24968.0000
159089094
6868347.0000
  24947.0000
159195673
6867783.0000
  24942.0000
159302297
6867216.0000
  24940.0000
159408814
6866657.0000
  24939.0000
159515454
6866088.0000
  24938.0000
159622033
6865529.0000
  24937.0000
159728611
6864967.0000
  24936.0000
159835104
6864416.0000
  24935.0000
159941661
6863868.0000
  24934.0000
160048588
6863300.0000
  24933.0000
160155066
6862749.0000
  24933.0000
160261962
6862183.0000
  24932.0000
160368514
6861640.0000
  24931.0000
160475295
6861098.0000
  24931.0000
160582092
6860558.0000
  24931.0000
160688717
6860015.0000
  24930.0000
160795497
6859461.0000
  24930.0000
160902066
6858909.0000
  24929.0000
161009082
6858320.0000
  24928.0000
161117507
6857754.0000
  24928.0000
161224281
6857198.0000
  24927.0000
161330843
6856670.0000
  24927.0000
161437548
6856142.0000
  24926.0000
161544143
6855615.0000
  24926.0000
161650727
6855084.0000
  24926.0000
161757411
6854540.0000
  24925.0000
161864048
6854012.0000
  24925.0000
161970817
6853481.0000
  24924.0000
162077319
6852957.0000
  24924.0000
162184011
6852436.0000
  24924.0000
162290708
6851913.0000
  24923.0000
162397425
6851389.0000
  24922.0000
162504061
6850868.0000
  24922.0000
162610582
6850351.0000
  24922.0000
162717138
6849838.0000
  24921.0000
162823666
6849321.0000
  24920.0000
162930375
6848807.0000
  24919.0000
163036852
6848290.0000
  24919.0000
163143413
6847779.0000
  24919.0000
163249981
6847267.0000
  24919.0000
163356580
6846757.0000
  24918.0000
163463025
6846251.0000
  24917.0000
163569661
6845741.0000
  24894.0000
163676438
6845230.0000
  24893.0000
163782917
6844728.0000
  24892.0000
163889709
6844224.0000
  24892.0000
163996207
6843720.0000
  24891.0000
164102902
6843224.0000
  24891.0000
164209295
6842731.0000
  24891.0000
164315879
6842232.0000
  24890.0000
164422459
6841732.0000
  24890.0000
164529064
6841239.0000
  24889.0000
164635590
6840753.0000
  24889.0000
164742119
6840260.0000
  24889.0000
164848777
6839773.0000
  24888.0000
164955193
6839291.0000
  24888.0000
165061822
6838803.0000
  24888.0000
165168384
6838313.0000
  24887.0000
165275063
6837828.0000
  24886.0000
165381790
6837353.0000
  24886.0000
165488403
6836865.0000
  24885.0000
165595247
6836366.0000
  24885.0000
165701939
6835872.0000
  24885.0000
165808789
6835397.0000
  24884.0000
165915348
6834934.0000
  24883.0000
166022225
6834476.0000
  24883.0000
166130075
6833989.0000
  24882.0000
166236652
6833519.0000
  24882.0000
166343275
6833046.0000
  24881.0000
166449815
6832584.0000
  24881.0000
166556741
6832118.0000
  24880.0000
166663201
6831655.0000
  24880.0000
166770183
6831187.0000
  24879.0000
166876797
6830731.0000
  24879.0000
166983423
6830262.0000
  24878.0000
167089945
6829780.0000
  24878.0000
167196500
6829299.0000
  24877.0000
167303198
6828841.0000
  24876.0000
167409794
6828391.0000
  24876.0000
167516371
6827954.0000
  24876.0000
167622901
6827505.0000
  24875.0000
167729705
6827046.0000
  24874.0000
167836158
6826591.0000
  24874.0000
167942903
6826138.0000
  24873.0000
168049534
6825699.0000
  24873.0000
168156251
6825253.0000
  24872.0000
168262912
6824814.0000
  24871.0000
168369626
6824367.0000
  24871.0000
168476343
6823935.0000
  24871.0000
168582937
6823488.0000
  24870.0000
168689679
6823044.0000
  24870.0000
168796268
6822610.0000
  24869.0000
168903018
6822169.0000
  24869.0000
169009654
6821737.0000
  24849.0000
169116287
6821302.0000
  24841.0000
169222973
6820879.0000
  24841.0000
169329507
6820440.0000
  24840.0000
169436036
6820018.0000
  24840.0000
169542567
6819592.0000
  24840.0000
169649306
6819164.0000
  24839.0000
169755734
6818739.0000
  24839.0000
169862309
6818317.0000
  24839.0000
169968914
6817889.0000
  24839.0000
170075529
6817476.0000
  24839.0000
170182100
6817066.0000
  24839.0000
170288578
6816628.0000
  24839.0000
170395345
6816219.0000
  24839.0000
170501892
6815798.0000
  24839.0000
170608912
6815401.0000
  24839.0000
170715597
6814963.0000
  24839.0000
170822371
6814540.0000
  24839.0000
170929238
6814123.0000
  24839.0000
171035827
6813732.0000
  24839.0000
171143866
6813332.0000
  24839.0000
171250521
6812936.0000
  24839.0000
171357201
6812519.0000
  24839.0000
171463781
6812124.0000
  24839.0000
171570521
6811712.0000
  24838.0000
171677106
6811327.0000
  24838.0000
171783795
6810926.0000
  24838.0000
171890322
6810543.0000
  24838.0000
171996855
6810140.0000
  24838.0000
172103465
6809752.0000
  24838.0000
172209991
6809360.0000
  24838.0000
172316656
6808976.0000
  24838.0000
172423179
6808583.0000
  24838.0000
172529815
6808196.0000
  24838.0000
172636373
6807813.0000
  24838.0000
172742978
6807428.0000
  24838.0000
172849532
6807046.0000
  24838.0000
172956117
6806663.0000
  24838.0000
173062702
6806285.0000
  24838.0000
173169238
6805907.0000
  24838.0000
173275928
6805531.0000
  24838.0000
173382517
6805159.0000
  24838.0000
173489130
6804785.0000
  24838.0000
173595711
6804412.0000
  24838.0000
173702242
6804041.0000
  24838.0000
173808820
6803672.0000
  24838.0000
173915354
6803305.0000
  24838.0000
174021936
6802944.0000
  24838.0000
174128545
6802575.0000
  24838.0000
174235128
6802214.0000
  24838.0000
174341700
6801855.0000
  24838.0000
174447858
6801498.0000
  24838.0000
174554111
6801143.0000
  24838.0000
174660799
6800783.0000
  24838.0000
174767526
6800421.0000
  24838.0000
174874119
6800063.0000
  24837.0000
174980933
6799724.0000
  24838.0000
175087528
6799383.0000
  24838.0000
175194272
6799023.0000
  24837.0000
175300819
6798670.0000
  24838.0000
175407501
6798311.0000
  24838.0000
175514073
6797970.0000
  24838.0000
175620797
6797628.0000
  24837.0000
175727441
6797284.0000
  24838.0000
175834117
6796946.0000
  24838.0000
175940805
6796604.0000
  24837.0000
176047377
6796268.0000
  24838.0000
176155202
6795924.0000
  24837.0000
176261676
6795594.0000
  24837.0000
176368410
6795259.0000
  24837.0000
176475004
6794928.0000
  24837.0000
176581630
6794591.0000
  24837.0000
176688378
6794265.0000
  24837.0000
176794966
6793936.0000
  24838.0000
176901525
6793613.0000
  24837.0000
177008054
6793287.0000
  24838.0000
177114661
6792963.0000
  24837.0000
177221167
6792641.0000
  24838.0000
177327816
6792316.0000
  24837.0000
177434279
6792002.0000
  24838.0000
177540856
6791684.0000
  24837.0000
177647463
6791365.0000
  24838.0000
177754019
6791049.0000
  24837.0000
177860653
6790740.0000
  24838.0000
177967137
6790423.0000
  24837.0000
178073876
6790116.0000
  24837.0000
178180361
6789803.0000
  24837.0000
178287165
6789500.0000
  24837.0000
178393752
6789187.0000
  24837.0000
178500490
6788885.0000
  24838.0000
178607129
6788579.0000
  24837.0000
178713786
6788274.0000
  24837.0000
178820513
6787976.0000
  24837.0000
178927029
6787670.0000
  24837.0000
179033878
6787379.0000
  24837.0000
179140331
6787081.0000
  24837.0000
179247106
6786789.0000
  24838.0000
179353626
6786489.0000
  24837.0000
179460412
6786198.0000
  24837.0000
179566982
6785909.0000
  24837.0000
179673692
6785614.0000
  24837.0000
179780473
6785333.0000
  24837.0000
179886984
6785044.0000
  24837.0000
179993857
6784766.0000
  24838.0000
180100337
6784471.0000
  24837.0000
180207171
6784196.0000
  24837.0000
180313710
6783909.0000
  24837.0000
180420406
6783635.0000
  24837.0000
180527049
6783346.0000
  24837.0000
180633640
6783060.0000
  24837.0000
180740327
6782763.0000
  24837.0000
180846878
6782483.0000
  24837.0000
180953608
6782217.0000
  24837.0000
181060165
6781953.0000
  24837.0000
181168199
6781689.0000
  24837.0000
181274775
6781398.0000
  24837.0000
181381572
6781131.0000
  24837.0000
181488166
6780858.0000
  24837.0000
181594912
6780608.0000
  24837.0000
181701659
6780336.0000
  24837.0000
181808236
6780081.0000
  24837.0000
181914953
6779804.0000
  24837.0000
182021641
6779559.0000
  24837.0000
182128383
6779290.0000
  24837.0000
182234933
6779048.0000
  24837.0000
182341704
6778782.0000
  24837.0000
182448274
6778538.0000
  24837.0000
182554940
6778283.0000
  24837.0000
182661569
6778036.0000
  24837.0000
182768218
6777784.0000
  24837.0000
182874897
6777533.0000
  24837.0000
182981596
6777294.0000
  24837.0000
183088443
6777041.0000
  24837.0000
183194991
6776804.0000
  24837.0000
183301649
6776554.0000
  24837.0000
183408250
6776323.0000
  24837.0000
183514945
6776079.0000
  24837.0000
183621566
6775846.0000
  24837.0000
183728241
6775605.0000
  24837.0000
183834937
6775366.0000
  24837.0000
183941647
6775134.0000
  24837.0000
184048465
6774895.0000
  24837.0000
184155043
6774673.0000
  24837.0000
184261650
6774439.0000
  24837.0000
184368451
6774213.0000
  24837.0000
184475030
6773974.0000
  24837.0000
184581738
6773735.0000
  24837.0000
184688393
6773489.0000
  24837.0000
184795002
6773252.0000
  24837.0000
184901692
6773028.0000
  24837.0000
185008088
6772796.0000
  24837.0000
185114928
6772566.0000
  24837.0000
185221412
6772351.0000
  24837.0000
185327959
6772112.0000
  24837.0000
185434540
6771881.0000
  24837.0000
185541245
6771650.0000
  24837.0000
185647933
6771446.0000
  24837.0000
185754597
6771221.0000
  24837.0000
185861285
6771009.0000
  24837.0000
185968022
6770794.0000
  24837.0000
186074552
6770561.0000
  24837.0000
186182373
6770339.0000
  24837.0000
186288748
6770134.0000
  24837.0000
186395272
6769939.0000
  24837.0000
186501726
6769739.0000
  24837.0000
186608224
6769539.0000
  24837.0000
186714757
6769339.0000
  24837.0000
186821267
6769151.0000
  24837.0000
186928121
6768949.0000
  24837.0000
187034773
6768753.0000
  24837.0000
187141559
6768560.0000
  24837.0000
187248437
6768379.0000
  24837.0000
187355067
6768187.0000
  24837.0000
187462005
6768001.0000
  24837.0000
187568605
6767812.0000
  24837.0000
187675271
6767631.0000
  24837.0000
187781796
6767436.0000
  24837.0000
187888458
6767248.0000
  24837.0000
187995065
6767077.0000
  24837.0000
188101695
6766899.0000
  24837.0000
188208380
6766721.0000
  24837.0000
188314966
6766549.0000
  24837.0000
188421623
6766377.0000
  24837.0000
188528237
6766200.0000
  24837.0000
188634942
6766030.0000
  24837.0000
188741619
6765867.0000
  24837.0000
188848408
6765694.0000
  24837.0000
188954960
6765523.0000
  24837.0000
189061540
6765359.0000
  24837.0000
189168118
6765197.0000
  24837.0000
189274686
6765032.0000
  24837.0000
189381356
6764874.0000
  24837.0000
189487878
6764713.0000
  24837.0000
189594503
6764556.0000
  24837.0000
189701024
6764396.0000
  24837.0000
189807641
6764243.0000
  24837.0000
189914205
6764089.0000
  24837.0000
190020773
6763934.0000
  24837.0000
190127410
6763788.0000
  24837.0000
190233939
6763631.0000
  24837.0000
190340526
6763484.0000
  24837.0000
190447027
6763337.0000
  24837.0000
190553660
6763193.0000
  24837.0000
190660205
6763048.0000
  24837.0000
190766849
6762906.0000
  24837.0000
190873280
6762769.0000
  24837.0000
190979885
6762627.0000
  24837.0000
191087666
6762487.0000
  24837.0000
191194243
6762347.0000
  24837.0000
191300872
6762215.0000
  24837.0000
191407433
6762083.0000
  24837.0000
191514035
6761949.0000
  24837.0000
191620625
6761812.0000
  24837.0000
191727356
6761682.0000
  24837.0000
191834222
6761549.0000
  24837.0000
191940942
6761419.0000
  24837.0000
192047888
6761293.0000
  24837.0000
192154533
6761170.0000
  24837.0000
192261572
6761050.0000
  24837.0000
192368130
6760927.0000
  24837.0000
192475042
6760806.0000
  24837.0000
192581767
6760685.0000
  24837.0000
192688559
6760572.0000
  24837.0000
192795334
6760455.0000
  24837.0000
192901980
6760342.0000
  24837.0000
193008720
6760223.0000
  24837.0000
193115292
6760116.0000
  24837.0000
193222019
6760004.0000
  24837.0000
193328498
6759896.0000
  24837.0000
193435205
6759783.0000
  24837.0000
193541741
6759684.0000
  24837.0000
193648368
6759572.0000
  24837.0000
193754922
6759476.0000
  24837.0000
193861508
6759367.0000
  24837.0000
193968088
6759272.0000
  24837.0000
194074670
6759170.0000
  24837.0000
194181382
6759076.0000
  24837.0000
194287926
6758976.0000
  24837.0000
194394675
6758887.0000
  24837.0000
194501186
6758787.0000
  24837.0000
194607818
6758698.0000
  24837.0000
194714343
6758602.0000
  24837.0000
194820903
6758511.0000
  24837.0000
194927588
6758428.0000
  24837.0000
195034121
6758338.0000
  24837.0000
195140835
6758255.0000
  24837.0000
195247314
6758171.0000
  24837.0000
195354012
6758084.0000
  24837.0000
195460479
6758004.0000
  24837.0000
195567170
6757923.0000
  24837.0000
195673768
6757849.0000
  24837.0000
195780356
6757768.0000
  24837.0000
195886962
6757689.0000
  24837.0000
195993577
6757618.0000
  24837.0000
196100368
6757544.0000
  24837.0000
196206921
6757466.0000
  24837.0000
196313678
6757400.0000
  24837.0000
196420244
6757333.0000
  24837.0000
196526819
6757261.0000
  24837.0000
196633427
6757191.0000
  24837.0000
196739956
6757128.0000
  24837.0000
196846667
6757064.0000
  24837.0000
196953176
6756998.0000
  24837.0000
197059995
6756936.0000
  24837.0000
197166549
6756880.0000
  24837.0000
197273402
6756820.0000
  24837.0000
197380012
6756754.0000
  24837.0000
197486719
6756695.0000
  24837.0000
197593372
6756645.0000
  24837.0000
197699968
6756593.0000
  24837.0000
197806755
6756541.0000
  24837.0000
197913352
6756487.0000
  24837.0000
198020159
6756433.0000
  24837.0000
198126806
6756386.0000
  24837.0000
198233670
6756338.0000
  24837.0000
198340393
6756296.0000
  24837.0000
198447044
6756247.0000
  24837.0000
198553671
6756202.0000
  24837.0000
198660203
6756163.0000
  24837.0000
198766783
6756125.0000
  24837.0000
198873300
6756084.0000
  24837.0000
198980095
6756043.0000
  24837.0000
199086754
6756006.0000
  24837.0000
199193408
6755970.0000
  24837.0000
199300014
6755936.0000
  24837.0000
199406565
6755902.0000
  24837.0000
199513286
6755870.0000
  24837.0000
199619809
6755839.0000
  24837.0000
199726390
6755807.0000
  24837.0000
199832881
6755779.0000
  24837.0000
199939524
6755751.0000
  24837.0000
200046026
6755727.0000
  24837.0000
200152634
6755699.0000
  24837.0000
200259227
6755675.0000
  24837.0000
200365748
6755652.0000
  24837.0000
200472353
6755631.0000
  24837.0000
200578860
6755609.0000
  24837.0000
200685708
6755588.0000
  24837.0000
200792259
6755568.0000
  24837.0000
200899081
6755547.0000
  24837.0000
201005961
6755531.0000
  24837.0000
201113727
6755514.0000
  24837.0000
201220516
6755499.0000
  24837.0000
201327049
6755484.0000
  24837.0000
201433897
6755470.0000
  24837.0000
201540293
6755456.0000
  24837.0000
201647184
6755442.0000
  24837.0000
201753749
6755428.0000
  24837.0000
201860524
6755416.0000
  24837.0000
201967182
6755404.0000
  24837.0000
202073807
6755393.0000
  24837.0000
202180366
6755382.0000
  24837.0000
202287031
6755371.0000
  24837.0000
202393753
6755361.0000
  24837.0000
202500346
6755351.0000
  24837.0000
202607051
6755340.0000
  24837.0000
202713777
6755329.0000
  24837.0000
202820456
6755318.0000
  24837.0000
202927183
6755308.0000
  24837.0000
203033758
6755296.0000
  24837.0000
203140366
6755286.0000
  24837.0000
203246871
6755276.0000
  24837.0000
203353583
6755266.0000
  24837.0000
203460126
6755257.0000
  24837.0000
203566745
6755247.0000
  24837.0000
203673307
6755237.0000
  24837.0000
203779909
6755227.0000
  24837.0000
203886626
6755216.0000
  24837.0000
203993303
6755204.0000
  24837.0000
204100066
6755193.0000
  24837.0000
204206670
6755182.0000
  24837.0000
204313242
6755171.0000
  24837.0000
204419762
6755161.0000
  24837.0000
204526404
6755152.0000
  24837.0000
204632964
6755143.0000
  24837.0000
204739647
6755132.0000
  24837.0000
204846202
6755122.0000
  24837.0000
204952733
6755112.0000
  24837.0000
205059292
6755102.0000
  24837.0000
205165846
6755091.0000
  24837.0000
205273696
6755080.0000
  24837.0000
205382442
6755069.0000
  24837.0000
205491285
6755058.0000
  24837.0000
205597911
6755048.0000
  24837.0000
205704581
6755037.0000
  24837.0000
205811271
6755027.0000
  24837.0000
205917844
6755016.0000
  24837.0000
206024554
6755006.0000
  24837.0000
206131988
6754995.0000
  24837.0000
206238536
6754985.0000
  24837.0000
206345192
6754975.0000
  24837.0000
206451861
6754964.0000
  24837.0000
206560015
6754953.0000
  24837.0000
206668708
6754942.0000
  24837.0000
206776572
6754932.0000
  24837.0000
206883226
6754922.0000
  24837.0000
206989882
6754911.0000
  24837.0000
207096541
6754901.0000
  24837.0000
207203163
6754892.0000
  24837.0000
207309876
6754883.0000
  24837.0000
207416507
6754872.0000
  24837.0000
207523184
6754861.0000
  24837.0000
207629979
6754851.0000
  24837.0000
207736475
6754841.0000
  24837.0000
207844538
6754831.0000
  24837.0000
207953000
6754820.0000
  24837.0000
208060184
6754808.0000
  24837.0000
208166275
6754797.0000
  24837.0000
208272369
6754786.0000
  24837.0000
208378460
6754776.0000
  24837.0000
208484423
6754765.0000
  24837.0000
208590625
6754754.0000
  24837.0000
208696563
6754744.0000
  24837.0000
208802707
6754734.0000
  24837.0000
208908722
6754725.0000
  24837.0000
209014758
6754715.0000
  24837.0000
209120928
6754705.0000
  24837.0000
209226892
6754695.0000
  24837.0000
209332958
6754684.0000
  24837.0000
209438971
6754673.0000
  24837.0000
209544985
6754662.0000
  24837.0000
209651133
6754651.0000
  24837.0000
209757065
6754641.0000
  24837.0000
209863188
6754632.0000
  24837.0000
209969280
6754623.0000
  24837.0000
210075216
6754613.0000
  24837.0000
210181387
6754603.0000
  24837.0000
210287376
6754592.0000
  24837.0000
210393365
6754582.0000
  24837.0000
210499566
6754571.0000
  24837.0000
210605637
6754560.0000
  24837.0000
210711626
6754549.0000
  24837.0000
210817792
6754537.0000
  24837.0000
210923724
6754526.0000
  24837.0000
211029846
6754516.0000
  24837.0000
211139435
6754505.0000
  24837.0000
211245425
6754495.0000
  24837.0000
211351570
6754485.0000
  24837.0000
211457564
6754476.0000
  24837.0000
211563570
6754466.0000
  24837.0000
211669770
6754457.0000
  24837.0000
211775732
6754446.0000
  24837.0000
211881720
6754434.0000
  24837.0000
211987920
6754424.0000
  24837.0000
212093934
6754414.0000
  24837.0000
212199976
6754404.0000
  24837.0000
212306179
6754394.0000
  24837.0000
212412141
6754384.0000
  24837.0000
212518173
6754374.0000
  24837.0000
212624347
6754364.0000
  24837.0000
212730439
6754353.0000
  24837.0000
212836426
6754343.0000
  24837.0000
212942520
6754332.0000
  24837.0000
213048719
6754322.0000
  24837.0000
213154680
6754311.0000
  24837.0000
213260641
6754300.0000
  24837.0000
213366735
6754289.0000
  24837.0000
213472834
6754279.0000
  24837.0000
213578842
6754269.0000
  24837.0000
213684992
6754258.0000
  24837.0000
213790977
6754248.0000
  24837.0000
213897101
6754238.0000
  24837.0000
214003088
6754228.0000
  24837.0000
214109194
6754218.0000
  24837.0000
214215273
6754209.0000
  24837.0000
214321325
6754199.0000
  24837.0000
214427488
6754189.0000
  24837.0000
214533502
6754178.0000
  24837.0000
214639594
6754167.0000
  24837.0000
214745585
6754156.0000
  24837.0000
214851729
6754146.0000
  24837.0000
214957719
6754136.0000
  24836.0000
215063865
6754126.0000
  24837.0000
215169851
6754115.0000
  24836.0000
215275946
6754105.0000
  24836.0000
215381961
6754095.0000
  24836.0000
215488139
6754085.0000
  24837.0000
215594150
6754074.0000
  24837.0000
215700223
6754064.0000
  24836.0000
215806215
6754054.0000
  24836.0000
215912334
6754042.0000
  24836.0000
216018424
6754032.0000
  24836.0000
216124626
6754021.0000
  24836.0000
216230748
6754010.0000
  24836.0000
216336796
6753999.0000
  24836.0000
216442909
6753990.0000
  24836.0000
216548952
6753980.0000
  24836.0000
216655023
6753971.0000
  24836.0000
216761142
6753961.0000
  24836.0000
216867168
6753951.0000
  24836.0000
216973336
6753940.0000
  24836.0000
217079324
6753929.0000
  24836.0000
217185472
6753918.0000
  24836.0000
217291517
6753908.0000
  24836.0000
217397748
6753897.0000
  24836.0000
217503709
6753887.0000
  24836.0000
217609891
6753876.0000
  24836.0000
217715903
6753866.0000
  24836.0000
217822097
6753856.0000
  24836.0000
217928060
6753847.0000
  24836.0000
218034234
6753837.0000
  24836.0000
218140222
6753826.0000
  24836.0000
218246425
6753816.0000
  24836.0000
218352443
6753805.0000
  24836.0000
218458639
6753795.0000
  24836.0000
218564710
6753784.0000
  24836.0000
218670830
6753772.0000
  24836.0000
218776847
6753762.0000
  24836.0000
218882942
6753752.0000
  24836.0000
218989011
6753742.0000
  24836.0000
219095053
6753732.0000
  24836.0000
219201207
6753722.0000
  24836.0000
219307191
6753712.0000
  24836.0000
219413347
6753703.0000
  24836.0000
219519358
6753692.0000
  24836.0000
219625480
6753681.0000
  24836.0000
219731520
6753670.0000
  24836.0000
219837670
6753660.0000
  24836.0000
219943736
6753648.0000
  24836.0000
220049779
6753638.0000
  24836.0000
220155876
6753628.0000
  24836.0000
220261949
6753619.0000
  24836.0000
220368094
6753609.0000
  24836.0000
220474161
6753599.0000
  24836.0000
220580281
6753589.0000
  24836.0000
220686297
6753579.0000
  24836.0000
220792418
6753569.0000
  24836.0000
220898434
6753558.0000
  24836.0000
221004507
6753547.0000
  24836.0000
221112317
6753536.0000
  24836.0000
221218369
6753526.0000
  24836.0000
221324468
6753515.0000
  24836.0000
221430580
6753504.0000
  24836.0000
221536700
6753494.0000
  24836.0000
221642904
6753483.0000
  24836.0000
221748919
6753473.0000
  24836.0000
